50 9
-65 -25 -36 54 -67 -58 -77 -79 31 
74 -64 -26 66 -7 33 -59 -74 5 
14 94 85 -66 68 -4 82 33 -77 
-73 54 -72 38 -75 92 38 78 -53 
-12 -84 -57 -62 76 -82 -43 0 27 
-80 46 22 62 -80 59 -74 28 -74 
47 -48 -78 -7 54 -44 31 -66 27 
35 99 -4 -58 -82 39 -62 80 -7 
-22 -2 4 -94 -57 -50 0 74 -10 
-38 -20 -70 88 0 53 -21 99 27 
96 -20 -12 -85 84 27 -48 10 72 
41 78 7 10 14 34 5 -3 -30 
46 76 -6 -13 19 95 38 -35 43 
-69 17 -6 21 68 48 -69 97 78 
-34 23 65 -91 33 -99 -7 1 73 
-7 89 15 11 54 81 99 72 26 
62 65 87 58 60 29 29 91 -33 
-28 93 81 68 87 49 46 97 93 
94 -80 -11 56 -79 43 -78 -17 -29 
-12 -27 -82 -70 -49 -16 -81 57 12 
-6 47 51 41 54 -68 -10 54 90 
-64 -90 91 -95 95 79 -66 -18 83 
-66 28 32 66 -72 90 15 66 57 
-91 26 91 -43 51 -97 -70 84 35 
-20 41 75 89 -54 -56 16 -64 11 
66 -32 -99 -65 31 40 35 42 2 
-16 9 30 67 -85 21 -42 41 94 
82 17 -78 64 -60 1 10 -28 92 
87 95 -34 54 -57 -39 -83 33 -38 
-98 -32 17 50 21 -58 9 -63 -63 
-36 -69 -59 31 -54 28 -26 74 55 
52 -31 -6 -70 -73 35 80 -26 64 
19 -90 79 10 -10 52 -65 42 -19 
-41 -63 -69 -48 93 -67 -88 -58 -27 
-77 -34 -15 64 83 44 27 -98 -39 
47 46 -82 -61 -33 31 -98 89 -96 
-90 -59 -44 91 76 27 -85 -72 -91 
-81 52 51 24 87 0 4 -64 -91 
8 -58 44 91 99 -84 96 20 12 
-85 -20 -17 5 -65 34 71 13 -17 
42 63 96 -98 35 -98 -51 44 73 
-65 -21 91 -62 99 89 -10 23 46 
-10 12 39 90 44 -90 -89 75 -82 
-78 54 60 -27 -15 36 -21 -80 39 
31 3 -16 49 33 -48 48 24 -87 
-71 44 59 -85 -20 97 -24 45 34 
92 -12 94 -25 -75 43 -64 -69 75 
-67 39 -26 33 78 -29 -22 -60 19 
-80 76 -21 -80 -82 -18 -67 2 61 
-20 -70 -52 30 -32 -80 -85 21 -88 
50 5
3 7 9 6 8 
3 6 9 0 0 
8 7 0 7 4 
7 9 4 9 9 
6 7 8 0 3 
6 4 8 9 5 
0 6 6 8 1 
3 1 5 4 1 
0 2 5 9 2 
7 0 8 3 2 
6 6 2 2 8 
1 5 4 9 0 
7 1 9 7 2 
8 7 9 6 9 
2 2 8 4 9 
6 2 6 4 8 
2 7 6 9 7 
9 2 7 6 7 
8 0 9 7 1 
8 9 3 1 5 
1 0 0 7 5 
4 3 0 1 8 
0 4 7 2 1 
7 4 0 0 8 
4 2 4 7 3 
4 0 2 2 4 
6 2 2 1 7 
5 3 3 9 6 
8 8 0 1 1 
2 4 4 4 5 
5 8 3 8 3 
0 9 8 1 6 
3 7 5 8 2 
3 3 9 5 5 
5 1 5 9 3 
4 8 5 2 9 
9 1 7 2 6 
2 4 7 0 8 
5 5 8 8 9 
2 5 1 9 1 
2 7 9 4 9 
8 7 5 2 9 
5 1 4 5 4 
7 2 9 8 1 
2 3 5 0 2 
9 2 7 6 4 
4 3 7 8 4 
7 3 1 9 0 
4 3 9 4 5 
7 3 5 5 4 
